# Time-averaged data for fix ave_time
# TimeStep v_kinetic_energy v_potential_energy
5050 1.49083 14.5234
5060 1.49535 14.5231
5070 1.49332 14.5229
5080 1.4968 14.5227
5090 1.5019 14.5226
5100 1.5093 14.5224
5110 1.50269 14.5222
5120 1.50306 14.522
5130 1.4965 14.5218
5140 1.49484 14.5216
5150 1.48891 14.5215
5160 1.48223 14.5213
5170 1.49517 14.5213
5180 1.49966 14.5213
5190 1.50407 14.5214
5200 1.50529 14.5215
5210 1.50861 14.5217
5220 1.5045 14.5218
5230 1.49452 14.5219
5240 1.48856 14.522
5250 1.47946 14.5221
5260 1.47719 14.5223
5270 1.47425 14.5225
5280 1.48075 14.5227
5290 1.48584 14.523
5300 1.47997 14.5232
5310 1.47885 14.5233
5320 1.48321 14.5235
5330 1.46762 14.5236
5340 1.46237 14.5238
5350 1.46468 14.524
5360 1.46419 14.5242
5370 1.47584 14.5244
5380 1.46579 14.5246
5390 1.47185 14.5247
5400 1.47965 14.5249
5410 1.4794 14.5251
5420 1.48701 14.5253
5430 1.49146 14.5255
5440 1.49018 14.5258
5450 1.48877 14.526
5460 1.47867 14.5263
5470 1.47551 14.5265
5480 1.48586 14.5267
5490 1.49042 14.5268
5500 1.49706 14.527
5510 1.49872 14.5272
5520 1.4989 14.5274
5530 1.50573 14.5276
5540 1.50855 14.5277
5550 1.51028 14.5279
5560 1.50336 14.5281
5570 1.51057 14.5282
5580 1.51326 14.5284
5590 1.50376 14.5287
5600 1.50914 14.5289
5610 1.50231 14.5292
5620 1.49758 14.5296
5630 1.5007 14.5299
5640 1.50537 14.5301
5650 1.50991 14.5303
5660 1.50168 14.5306
5670 1.51007 14.5308
5680 1.50644 14.531
5690 1.49638 14.5312
5700 1.49785 14.5313
5710 1.48913 14.5314
5720 1.49231 14.5315
5730 1.49107 14.5315
5740 1.48378 14.5316
5750 1.4987 14.5316
5760 1.50172 14.5316
5770 1.51525 14.5316
5780 1.50965 14.5317
5790 1.50818 14.5318
5800 1.5162 14.5318
5810 1.51297 14.5318
5820 1.51151 14.5317
5830 1.51706 14.5317
5840 1.5089 14.5316
5850 1.51008 14.5315
5860 1.51182 14.5315
5870 1.52297 14.5315
5880 1.5291 14.5314
5890 1.50954 14.5314
5900 1.51354 14.5313
5910 1.5119 14.5312
5920 1.50176 14.5311
5930 1.49762 14.531
5940 1.49649 14.5309
5950 1.48778 14.5308
5960 1.48315 14.5307
5970 1.47233 14.5306
5980 1.46032 14.5304
5990 1.47038 14.5302
6000 1.47124 14.53
6010 1.47423 14.5298
6020 1.49019 14.5297
6030 1.4759 14.5296
6040 1.47338 14.5294
6050 1.48852 14.5292
6060 1.49724 14.529
6070 1.49216 14.5287
6080 1.49003 14.5285
6090 1.48557 14.5283
6100 1.48504 14.5282
6110 1.47411 14.5281
6120 1.48556 14.528
6130 1.48628 14.5279
6140 1.49206 14.5279
6150 1.49223 14.5277
6160 1.48932 14.5276
6170 1.49537 14.5276
6180 1.49359 14.5275
6190 1.48287 14.5274
6200 1.48843 14.5273
6210 1.48976 14.5273
6220 1.50778 14.5273
6230 1.50402 14.5273
6240 1.50102 14.5275
6250 1.50456 14.5276
6260 1.49358 14.5276
6270 1.49082 14.5277
6280 1.48422 14.5277
6290 1.4902 14.5279
6300 1.48187 14.528
6310 1.47858 14.5281
6320 1.46768 14.5282
6330 1.46308 14.5282
6340 1.46055 14.5281
6350 1.46179 14.5281
6360 1.46073 14.5281
6370 1.47046 14.5281
6380 1.47312 14.528
6390 1.47504 14.528
6400 1.47935 14.528
6410 1.49061 14.528
6420 1.50168 14.528
6430 1.5151 14.528
6440 1.51011 14.528
6450 1.51049 14.5281
6460 1.49792 14.5282
6470 1.49321 14.5282
6480 1.49498 14.5282
6490 1.50287 14.5283
6500 1.4952 14.5283
6510 1.49631 14.5283
6520 1.49662 14.5282
6530 1.4916 14.5282
6540 1.50555 14.5282
6550 1.50443 14.5282
6560 1.50438 14.5281
6570 1.49587 14.5281
6580 1.49754 14.528
6590 1.49396 14.528
6600 1.48464 14.5281
6610 1.49619 14.5281
6620 1.49184 14.528
6630 1.49132 14.528
6640 1.48732 14.5279
6650 1.49272 14.5278
6660 1.50173 14.5276
6670 1.5211 14.5274
6680 1.50441 14.5272
6690 1.51473 14.5271
6700 1.50894 14.5271
6710 1.51466 14.527
6720 1.51931 14.527
6730 1.51276 14.5269
6740 1.51368 14.527
6750 1.51334 14.5271
6760 1.51655 14.5272
6770 1.50359 14.5273
6780 1.50621 14.5274
6790 1.49901 14.5275
6800 1.50545 14.5276
6810 1.50657 14.5278
6820 1.49206 14.5279
6830 1.48885 14.5281
6840 1.49533 14.5283
6850 1.49832 14.5284
6860 1.48915 14.5286
6870 1.50654 14.5289
6880 1.50268 14.529
6890 1.49818 14.5291
6900 1.49557 14.5292
6910 1.48913 14.5292
6920 1.49679 14.5293
6930 1.48137 14.5293
6940 1.47987 14.5293
6950 1.47984 14.5293
6960 1.48936 14.5293
6970 1.48637 14.5294
6980 1.48831 14.5294
6990 1.4872 14.5294
7000 1.48886 14.5294
7010 1.46684 14.5294
7020 1.46764 14.5293
7030 1.46502 14.5294
7040 1.46478 14.5293
7050 1.47286 14.5292
7060 1.46281 14.529
7070 1.46229 14.5288
7080 1.46682 14.5286
7090 1.4669 14.5284
7100 1.47654 14.5282
7110 1.47565 14.528
7120 1.47672 14.5277
7130 1.4731 14.5274
7140 1.48208 14.527
7150 1.49258 14.5267
7160 1.50034 14.5263
7170 1.50449 14.5259
7180 1.50476 14.5256
7190 1.50578 14.5253
7200 1.50379 14.5251
7210 1.50625 14.5249
7220 1.51014 14.5246
7230 1.51805 14.5244
7240 1.51007 14.5242
7250 1.49989 14.5239
7260 1.49965 14.5237
7270 1.50675 14.5237
7280 1.52431 14.5236
7290 1.50323 14.5236
7300 1.51318 14.5236
7310 1.51849 14.5236
7320 1.50784 14.5237
7330 1.50079 14.5237
7340 1.5069 14.5238
7350 1.50941 14.524
7360 1.51952 14.5241
7370 1.52243 14.5243
7380 1.51583 14.5244
7390 1.51254 14.5244
7400 1.5156 14.5245
7410 1.51229 14.5247
7420 1.50777 14.5249
7430 1.49987 14.5249
7440 1.48803 14.5249
7450 1.48594 14.525
7460 1.48445 14.5251
7470 1.48431 14.5251
7480 1.48726 14.5251
7490 1.49604 14.5251
7500 1.48756 14.5251
7510 1.49445 14.5251
7520 1.50505 14.5251
7530 1.51992 14.525
7540 1.52118 14.525
7550 1.52703 14.525
7560 1.51865 14.5251
7570 1.52593 14.5251
7580 1.52054 14.5251
7590 1.5213 14.5252
7600 1.51404 14.5252
7610 1.51874 14.5252
7620 1.52646 14.5253
7630 1.52225 14.5252
7640 1.52061 14.5251
7650 1.51466 14.525
7660 1.51913 14.5248
7670 1.51718 14.5247
7680 1.51084 14.5246
7690 1.51771 14.5245
7700 1.51166 14.5244
7710 1.51058 14.5244
7720 1.51466 14.5243
7730 1.50214 14.5244
7740 1.5008 14.5245
7750 1.4927 14.5245
7760 1.49168 14.5245
7770 1.48999 14.5246
7780 1.47076 14.5247
7790 1.46671 14.5248
7800 1.46242 14.5248
7810 1.45762 14.5249
7820 1.46419 14.525
7830 1.45831 14.5251
7840 1.45888 14.5252
7850 1.44962 14.5254
7860 1.44667 14.5255
7870 1.43604 14.5256
7880 1.43958 14.5257
7890 1.43209 14.5258
7900 1.43111 14.526
7910 1.42775 14.5263
7920 1.44487 14.5265
7930 1.44778 14.5267
7940 1.45268 14.5269
7950 1.4618 14.527
7960 1.46349 14.5271
7970 1.48386 14.5273
7980 1.50508 14.5274
7990 1.50797 14.5275
8000 1.50109 14.5277
8010 1.49576 14.5278
8020 1.49069 14.5279
8030 1.49059 14.5281
8040 1.48714 14.5284
8050 1.48877 14.5287
8060 1.4913 14.529
8070 1.48917 14.5292
8080 1.49922 14.5295
8090 1.50316 14.5297
8100 1.50984 14.53
8110 1.50676 14.5301
8120 1.49924 14.5304
8130 1.4992 14.5305
8140 1.49268 14.5307
8150 1.49347 14.5307
8160 1.47868 14.5308
8170 1.48331 14.5309
8180 1.48562 14.5309
8190 1.4984 14.5311
8200 1.49536 14.5312
8210 1.48919 14.5313
8220 1.49138 14.5313
8230 1.49456 14.5313
8240 1.50297 14.5313
8250 1.5046 14.5314
8260 1.50713 14.5315
8270 1.50737 14.5316
8280 1.5073 14.5316
8290 1.50891 14.5317
8300 1.51026 14.5318
8310 1.51403 14.5319
8320 1.50703 14.5319
8330 1.5128 14.5318
8340 1.51073 14.5317
8350 1.50524 14.5316
8360 1.50478 14.5315
8370 1.49232 14.5314
8380 1.49338 14.5312
8390 1.48826 14.531
8400 1.48245 14.5308
8410 1.48844 14.5306
8420 1.48713 14.5303
8430 1.48991 14.5301
8440 1.50531 14.5297
8450 1.49772 14.5295
8460 1.49394 14.5292
8470 1.49986 14.5289
8480 1.49542 14.5286
8490 1.49448 14.5284
8500 1.49283 14.5281
8510 1.49824 14.5279
8520 1.50324 14.5278
8530 1.48965 14.5277
8540 1.49227 14.5275
8550 1.49514 14.5274
8560 1.49096 14.5274
8570 1.476 14.5274
8580 1.49087 14.5274
8590 1.49683 14.5274
8600 1.50214 14.5273
8610 1.49299 14.5273
8620 1.50267 14.5272
8630 1.50421 14.5271
8640 1.50651 14.5271
8650 1.49486 14.5269
8660 1.49338 14.5268
8670 1.49687 14.5265
8680 1.49437 14.5263
8690 1.48529 14.526
8700 1.48614 14.5258
8710 1.48666 14.5255
8720 1.48304 14.5252
8730 1.49245 14.5249
8740 1.49668 14.5247
8750 1.4976 14.5245
8760 1.49769 14.5242
8770 1.50927 14.5239
8780 1.50781 14.5237
8790 1.51002 14.5234
8800 1.50882 14.5232
8810 1.49715 14.5231
8820 1.49611 14.5229
8830 1.48559 14.5227
8840 1.49051 14.5225
8850 1.49294 14.5223
8860 1.48386 14.5222
8870 1.48518 14.522
8880 1.48696 14.5219
8890 1.4995 14.5218
8900 1.50163 14.5217
8910 1.50737 14.5217
8920 1.5098 14.5218
8930 1.50431 14.5218
8940 1.50894 14.5219
8950 1.51266 14.5221
8960 1.51013 14.5222
8970 1.5021 14.5223
8980 1.4898 14.5224
8990 1.4881 14.5224
9000 1.48373 14.5224
9010 1.49767 14.5224
9020 1.50328 14.5225
9030 1.50447 14.5224
9040 1.50915 14.5224
9050 1.50662 14.5224
9060 1.50211 14.5225
9070 1.50028 14.5226
9080 1.49364 14.5227
9090 1.49107 14.5229
9100 1.50526 14.5231
9110 1.49759 14.5234
9120 1.5039 14.5237
9130 1.4961 14.524
9140 1.49974 14.5243
9150 1.50486 14.5246
9160 1.49884 14.5248
9170 1.49171 14.5251
9180 1.49249 14.5255
9190 1.48961 14.5258
9200 1.483 14.5262
9210 1.46794 14.5266
9220 1.46033 14.527
9230 1.45529 14.5274
9240 1.44895 14.5278
9250 1.44617 14.5282
9260 1.43995 14.5284
9270 1.43811 14.5287
9280 1.44071 14.5289
9290 1.44739 14.529
9300 1.44853 14.5292
9310 1.45557 14.5293
9320 1.45904 14.5295
9330 1.46088 14.5297
9340 1.48429 14.5298
9350 1.47454 14.53
9360 1.47435 14.5301
9370 1.47952 14.5302
9380 1.47449 14.5304
9390 1.48746 14.5304
9400 1.49614 14.5305
9410 1.4941 14.5304
9420 1.5061 14.5304
9430 1.50356 14.5304
9440 1.50096 14.5303
9450 1.50635 14.5302
9460 1.51429 14.5301
9470 1.51129 14.53
9480 1.49835 14.5299
9490 1.49321 14.5298
9500 1.48511 14.5297
9510 1.49764 14.5297
9520 1.50641 14.5298
9530 1.50307 14.5298
9540 1.50744 14.5299
9550 1.50156 14.53
9560 1.49827 14.5302
9570 1.49004 14.5303
9580 1.49228 14.5304
9590 1.49565 14.5304
9600 1.50493 14.5304
9610 1.49987 14.5304
9620 1.49895 14.5303
9630 1.50728 14.5303
9640 1.50377 14.5303
9650 1.49684 14.5302
9660 1.49388 14.5302
9670 1.49661 14.5302
9680 1.49175 14.5302
9690 1.50175 14.5302
9700 1.50831 14.5302
9710 1.4893 14.5302
9720 1.48196 14.5303
9730 1.47022 14.5302
9740 1.46449 14.5301
9750 1.47343 14.53
9760 1.49002 14.5299
9770 1.48748 14.5299
9780 1.49022 14.5298
9790 1.49061 14.5297
9800 1.48823 14.5296
9810 1.49646 14.5296
9820 1.48748 14.5295
9830 1.48015 14.5294
9840 1.47806 14.5293
9850 1.4807 14.5291
9860 1.47576 14.529
9870 1.47858 14.5289
9880 1.48868 14.5288
9890 1.49083 14.5286
9900 1.48794 14.5284
9910 1.47879 14.5282
9920 1.48914 14.5279
9930 1.49529 14.5277
9940 1.49615 14.5276
9950 1.50588 14.5275
9960 1.49879 14.5274
9970 1.50927 14.5274
9980 1.50126 14.5272
9990 1.50955 14.527
10000 1.51008 14.5268
10010 1.52084 14.5267
10020 1.51943 14.5265
10030 1.51745 14.5263
10040 1.51396 14.5261
10050 1.50094 14.5259
10060 1.5045 14.5257
10070 1.49432 14.5255
10080 1.49597 14.5253
10090 1.49863 14.5251
10100 1.50131 14.525
10110 1.50207 14.5248
10120 1.51316 14.5247
10130 1.51878 14.5246
10140 1.5147 14.5245
10150 1.5093 14.5244
10160 1.49575 14.5242
10170 1.49368 14.5242
10180 1.49428 14.5242
10190 1.49329 14.5242
10200 1.49068 14.5244
10210 1.48357 14.5244
10220 1.4676 14.5244
10230 1.47396 14.5244
10240 1.46572 14.5244
10250 1.46631 14.5244
10260 1.4646 14.5243
10270 1.45572 14.5243
10280 1.45021 14.5243
10290 1.45803 14.5243
10300 1.45471 14.5244
10310 1.45961 14.5245
10320 1.46678 14.5247
10330 1.47422 14.5248
10340 1.4682 14.525
10350 1.46205 14.5252
10360 1.45661 14.5254
10370 1.45919 14.5256
10380 1.46683 14.5258
10390 1.46635 14.5261
10400 1.45386 14.5265
10410 1.45754 14.5268
10420 1.44655 14.5272
10430 1.44854 14.5275
10440 1.44782 14.5278
10450 1.46151 14.528
10460 1.46773 14.5283
10470 1.4679 14.5286
10480 1.46469 14.5288
10490 1.45793 14.5292
10500 1.47319 14.5295
10510 1.48258 14.5299
10520 1.48423 14.5302
10530 1.47846 14.5306
10540 1.48489 14.5309
10550 1.47868 14.5313
10560 1.47272 14.5316
10570 1.47527 14.5319
10580 1.48513 14.5321
10590 1.49395 14.5324
10600 1.49319 14.5326
10610 1.50666 14.5328
10620 1.49407 14.533
10630 1.49742 14.5331
10640 1.49687 14.5333
10650 1.49672 14.5335
10660 1.49339 14.5337
10670 1.48995 14.5338
10680 1.48246 14.5338
10690 1.48619 14.5338
10700 1.49229 14.5338
10710 1.49478 14.5336
10720 1.48559 14.5334
10730 1.50131 14.5332
10740 1.48834 14.533
10750 1.49581 14.5327
10760 1.49487 14.5325
10770 1.48795 14.5324
10780 1.49335 14.5322
10790 1.51001 14.5321
10800 1.51002 14.5319
10810 1.51571 14.5318
10820 1.51322 14.5316
10830 1.51172 14.5315
10840 1.51396 14.5314
10850 1.50822 14.5313
10860 1.50125 14.5312
10870 1.49659 14.5311
10880 1.49927 14.5311
10890 1.48615 14.531
10900 1.49839 14.531
10910 1.50261 14.531
10920 1.50688 14.531
10930 1.50924 14.531
10940 1.51859 14.5309
10950 1.51047 14.5309
10960 1.5094 14.5308
10970 1.51403 14.5307
10980 1.50987 14.5306
10990 1.5052 14.5305
11000 1.5105 14.5304
11010 1.51258 14.5302
11020 1.51482 14.5301
11030 1.51019 14.5299
11040 1.49934 14.5298
11050 1.50406 14.5296
11060 1.50809 14.5295
11070 1.51259 14.5293
11080 1.51495 14.5292
11090 1.5199 14.5291
11100 1.51453 14.529
11110 1.51293 14.5289
11120 1.52215 14.5288
11130 1.51381 14.5286
11140 1.50254 14.5284
11150 1.50505 14.5283
11160 1.51496 14.5282
11170 1.51205 14.5279
11180 1.51742 14.5278
11190 1.52187 14.5276
11200 1.53037 14.5275
11210 1.51955 14.5274
11220 1.5123 14.5274
11230 1.50422 14.5273
11240 1.50007 14.5272
11250 1.51563 14.5271
11260 1.51376 14.5271
11270 1.50798 14.527
11280 1.50657 14.5271
11290 1.50478 14.5272
11300 1.50965 14.5272
11310 1.51048 14.5273
11320 1.50896 14.5275
11330 1.5179 14.5276
11340 1.50917 14.5277
11350 1.51728 14.5278
11360 1.52236 14.5279
11370 1.5118 14.5281
11380 1.51352 14.5283
11390 1.50496 14.5284
11400 1.49692 14.5285
11410 1.49526 14.5286
11420 1.496 14.5288
11430 1.49766 14.5289
11440 1.49539 14.529
11450 1.49464 14.529
11460 1.49633 14.5291
11470 1.5038 14.5292
11480 1.50005 14.5292
11490 1.5043 14.5291
11500 1.49987 14.5291
11510 1.48908 14.529
11520 1.4966 14.529
11530 1.4832 14.529
11540 1.49286 14.5289
11550 1.50502 14.5288
11560 1.50974 14.5286
11570 1.49857 14.5284
11580 1.50279 14.5282
11590 1.49234 14.5281
11600 1.49026 14.5279
11610 1.48624 14.5277
11620 1.48346 14.5274
11630 1.4838 14.5271
11640 1.46677 14.5267
11650 1.4561 14.5263
11660 1.46519 14.526
11670 1.47389 14.5256
11680 1.47508 14.5253
11690 1.48159 14.5249
11700 1.4783 14.5246
11710 1.47743 14.5242
11720 1.48042 14.524
11730 1.47732 14.5238
11740 1.47198 14.5235
11750 1.48922 14.5233
11760 1.48001 14.5231
11770 1.48594 14.5228
11780 1.48619 14.5225
11790 1.49349 14.5223
11800 1.49941 14.5221
11810 1.49942 14.522
11820 1.49878 14.5219
11830 1.50757 14.5218
11840 1.51127 14.5216
11850 1.52184 14.5214
11860 1.53408 14.5214
11870 1.54091 14.5213
11880 1.5498 14.5214
11890 1.53875 14.5215
11900 1.53744 14.5217
11910 1.53062 14.5219
11920 1.52215 14.5221
11930 1.52443 14.5223
11940 1.53152 14.5226
11950 1.52471 14.5228
11960 1.50839 14.523
11970 1.50564 14.5232
11980 1.50331 14.5234
11990 1.49686 14.5237
12000 1.49922 14.5239
12010 1.50311 14.5241
12020 1.49988 14.5243
12030 1.49782 14.5246
12040 1.49583 14.5247
12050 1.49624 14.5249
12060 1.48697 14.5251
12070 1.48699 14.5253
12080 1.49438 14.5255
12090 1.50438 14.5256
12100 1.51681 14.5257
12110 1.50956 14.5258
12120 1.50667 14.5259
12130 1.50709 14.5259
12140 1.50539 14.5258
12150 1.51261 14.5258
12160 1.51342 14.5256
12170 1.51917 14.5255
12180 1.50976 14.5254
12190 1.50612 14.5253
12200 1.5007 14.5252
12210 1.50281 14.5251
12220 1.49857 14.5249
12230 1.50693 14.5246
12240 1.51546 14.5244
12250 1.51084 14.5243
12260 1.51519 14.5241
12270 1.50347 14.5241
12280 1.50308 14.5241
12290 1.50252 14.524
12300 1.50099 14.524
12310 1.49802 14.524
12320 1.50384 14.524
12330 1.51035 14.524
12340 1.50414 14.5241
12350 1.49496 14.5241
12360 1.50318 14.5243
12370 1.49163 14.5245
12380 1.48952 14.5246
12390 1.49663 14.5248
12400 1.49299 14.525
12410 1.50009 14.5252
12420 1.49738 14.5254
12430 1.50559 14.5257
12440 1.52324 14.5259
12450 1.53133 14.526
12460 1.52554 14.5261
12470 1.53021 14.5263
12480 1.52401 14.5264
12490 1.52549 14.5265
12500 1.52301 14.5266
12510 1.51678 14.5267
12520 1.5143 14.5268
12530 1.51663 14.5269
12540 1.51162 14.5269
12550 1.49834 14.527
12560 1.50031 14.527
12570 1.49807 14.527
12580 1.49954 14.5271
12590 1.50322 14.527
12600 1.51298 14.527
12610 1.4991 14.527
12620 1.49616 14.527
12630 1.50166 14.5271
12640 1.5122 14.5271
12650 1.50945 14.5271
12660 1.51013 14.5271
12670 1.50966 14.5271
12680 1.50523 14.5272
12690 1.49041 14.5273
12700 1.49146 14.5273
12710 1.48451 14.5274
12720 1.48749 14.5275
12730 1.48898 14.5276
12740 1.48395 14.5279
12750 1.49818 14.528
12760 1.49436 14.5281
12770 1.49525 14.5283
12780 1.49504 14.5284
12790 1.49975 14.5284
12800 1.49768 14.5286
12810 1.49017 14.5287
12820 1.48857 14.5289
12830 1.4827 14.529
12840 1.48146 14.5292
12850 1.47907 14.5293
12860 1.47056 14.5293
12870 1.47287 14.5293
12880 1.48387 14.5294
12890 1.48729 14.5294
12900 1.49489 14.5295
12910 1.49279 14.5297
12920 1.48262 14.5299
12930 1.48648 14.5301
12940 1.49601 14.5303
12950 1.50177 14.5305
12960 1.51414 14.5307
12970 1.51101 14.5309
12980 1.5076 14.531
12990 1.50716 14.5313
13000 1.49669 14.5315
13010 1.48571 14.5316
13020 1.4964 14.5318
13030 1.4971 14.5319
13040 1.50176 14.532
13050 1.49516 14.5321
13060 1.4958 14.532
13070 1.4999 14.532
13080 1.49627 14.5319
13090 1.4992 14.5319
13100 1.49208 14.5319
13110 1.49324 14.5317
13120 1.49742 14.5316
13130 1.50139 14.5314
13140 1.50393 14.5312
13150 1.50101 14.5311
13160 1.51137 14.531
13170 1.51223 14.5308
13180 1.50647 14.5307
13190 1.4927 14.5305
13200 1.4846 14.5303
13210 1.4808 14.5301
13220 1.49069 14.5299
13230 1.48625 14.5298
13240 1.48621 14.5296
13250 1.48668 14.5294
13260 1.48424 14.5291
13270 1.49444 14.5289
13280 1.48726 14.5286
13290 1.48722 14.5283
13300 1.48207 14.528
13310 1.49236 14.5278
13320 1.49637 14.5275
13330 1.48269 14.5272
13340 1.48752 14.5268
13350 1.48764 14.5266
13360 1.48953 14.5262
13370 1.49384 14.5259
13380 1.49297 14.5257
13390 1.48998 14.5254
13400 1.49799 14.5253
13410 1.4989 14.5252
13420 1.49329 14.5252
13430 1.4955 14.5251
13440 1.49777 14.5251
13450 1.48819 14.5251
13460 1.48036 14.5252
13470 1.49535 14.5252
13480 1.47977 14.5253
13490 1.47851 14.5254
13500 1.48044 14.5254
13510 1.497 14.5255
13520 1.49986 14.5255
13530 1.49419 14.5255
13540 1.49837 14.5255
13550 1.50524 14.5255
13560 1.50502 14.5254
13570 1.50241 14.5252
13580 1.50319 14.5251
13590 1.50485 14.525
13600 1.51433 14.5248
13610 1.5115 14.5247
13620 1.50561 14.5245
13630 1.51181 14.5244
13640 1.50262 14.5244
13650 1.49863 14.5245
13660 1.50024 14.5246
13670 1.50685 14.5248
13680 1.50406 14.525
13690 1.49726 14.5251
13700 1.49093 14.5252
13710 1.48235 14.5252
13720 1.48289 14.5254
13730 1.49669 14.5255
13740 1.5051 14.5257
13750 1.50412 14.526
13760 1.50806 14.5261
13770 1.50011 14.5263
13780 1.50197 14.5266
13790 1.50328 14.5269
13800 1.49321 14.5272
13810 1.48483 14.5275
13820 1.49412 14.5278
13830 1.5052 14.5281
13840 1.50538 14.5285
13850 1.49796 14.5288
13860 1.49616 14.5292
13870 1.49016 14.5295
13880 1.49328 14.5299
13890 1.49288 14.5302
13900 1.49096 14.5305
13910 1.49404 14.5308
13920 1.48351 14.5311
13930 1.49655 14.5314
13940 1.49634 14.5316
13950 1.49463 14.5319
13960 1.49096 14.5321
13970 1.49523 14.5323
13980 1.50002 14.5324
13990 1.49168 14.5325
14000 1.49962 14.5326
14010 1.5155 14.5326
14020 1.50791 14.5326
14030 1.50894 14.5325
14040 1.50487 14.5325
14050 1.5086 14.5325
14060 1.51458 14.5326
14070 1.50494 14.5326
14080 1.50677 14.5326
14090 1.50327 14.5326
14100 1.50125 14.5327
14110 1.50336 14.5327
14120 1.50878 14.5326
14130 1.51672 14.5325
14140 1.51433 14.5323
14150 1.51885 14.5322
14160 1.50607 14.5321
14170 1.5034 14.5321
14180 1.50924 14.532
14190 1.51562 14.5319
14200 1.51166 14.5318
14210 1.51608 14.5317
14220 1.50415 14.5316
14230 1.50372 14.5315
14240 1.5056 14.5313
14250 1.51259 14.5313
14260 1.51062 14.5312
14270 1.496 14.5311
14280 1.50262 14.531
14290 1.49585 14.5308
14300 1.49201 14.5307
14310 1.48343 14.5305
14320 1.48339 14.5304
14330 1.47666 14.5303
14340 1.48158 14.5301
14350 1.47843 14.5299
14360 1.47762 14.5296
14370 1.48198 14.5294
14380 1.48374 14.5292
14390 1.49599 14.5291
14400 1.50195 14.5289
14410 1.50512 14.5288
14420 1.50814 14.5287
14430 1.51327 14.5287
14440 1.52024 14.5286
14450 1.52393 14.5286
14460 1.5215 14.5285
14470 1.52347 14.5284
14480 1.51185 14.5283
14490 1.50719 14.5283
14500 1.51486 14.5282
14510 1.50675 14.5282
14520 1.50327 14.5281
14530 1.51446 14.528
14540 1.50373 14.5279
14550 1.50471 14.5278
14560 1.51276 14.5278
14570 1.50202 14.5277
14580 1.51137 14.5276
14590 1.51699 14.5275
14600 1.50655 14.5274
14610 1.50389 14.5274
14620 1.50368 14.5273
14630 1.50218 14.5271
14640 1.48905 14.527
14650 1.49481 14.5268
14660 1.50501 14.5266
14670 1.50523 14.5264
14680 1.49538 14.5263
14690 1.50338 14.5262
14700 1.49269 14.5261
14710 1.49251 14.526
14720 1.48913 14.5259
14730 1.4847 14.5257
14740 1.48341 14.5256
14750 1.47637 14.5255
14760 1.4726 14.5254
14770 1.4705 14.5254
14780 1.46478 14.5254
14790 1.47468 14.5254
14800 1.47415 14.5255
14810 1.48006 14.5255
14820 1.47104 14.5255
14830 1.4659 14.5255
14840 1.47437 14.5255
14850 1.47311 14.5253
14860 1.47348 14.5253
14870 1.47496 14.5252
14880 1.48217 14.5252
14890 1.48638 14.5253
14900 1.49052 14.5255
14910 1.49295 14.5257
14920 1.48935 14.5259
14930 1.49771 14.526
14940 1.50885 14.526
14950 1.49816 14.5261
14960 1.49742 14.5262
14970 1.49874 14.5261
14980 1.50386 14.5261
14990 1.50929 14.5261
15000 1.51434 14.526
15010 1.51682 14.5259
15020 1.5209 14.5259
15030 1.51546 14.5258
15040 1.52821 14.5257
