# Time-averaged data for fix ave_time
# TimeStep v_kinetic_energy v_potential_energy
50 0.0945733 14.1762
60 0.227506 14.1763
70 0.347976 14.1764
80 0.45798 14.1767
90 0.554806 14.1771
100 0.648016 14.1778
110 0.733942 14.1786
120 0.800996 14.1796
130 0.862202 14.1809
140 0.921318 14.1824
150 0.973396 14.1842
160 1.02472 14.1863
170 1.06186 14.1886
180 1.109 14.1911
190 1.14108 14.1939
200 1.1655 14.1971
210 1.19727 14.2004
220 1.22782 14.204
230 1.24053 14.2077
240 1.25966 14.2117
250 1.28008 14.2158
260 1.30069 14.2201
270 1.32303 14.2245
280 1.34519 14.2291
290 1.3535 14.2338
300 1.36719 14.2387
310 1.37764 14.2436
320 1.38463 14.2485
330 1.39066 14.2535
340 1.39191 14.2586
350 1.3931 14.2636
360 1.40017 14.2688
370 1.41291 14.2739
380 1.41295 14.2791
390 1.41935 14.2842
400 1.42213 14.2892
410 1.42516 14.2942
420 1.42395 14.2991
430 1.43715 14.3039
440 1.44558 14.3086
450 1.45932 14.3133
460 1.45308 14.318
470 1.46614 14.3225
480 1.46743 14.3269
490 1.45299 14.3312
500 1.46535 14.3354
510 1.46944 14.3395
520 1.47196 14.3434
530 1.47468 14.3473
540 1.48255 14.351
550 1.48518 14.3548
560 1.48222 14.3583
570 1.47774 14.3617
580 1.47332 14.3651
590 1.47787 14.3683
600 1.48393 14.3714
610 1.47806 14.3745
620 1.48059 14.3775
630 1.47273 14.3805
640 1.46721 14.3833
650 1.46877 14.3861
660 1.46297 14.389
670 1.47255 14.3917
680 1.47012 14.3945
690 1.47219 14.3971
700 1.46037 14.3997
710 1.47345 14.4023
720 1.47273 14.4047
730 1.48096 14.4071
740 1.4774 14.4096
750 1.50305 14.4119
760 1.51696 14.4143
770 1.50263 14.4166
780 1.48838 14.4188
790 1.48946 14.421
800 1.48067 14.4232
810 1.48395 14.4254
820 1.48326 14.4275
830 1.46655 14.4294
840 1.47411 14.4313
850 1.47694 14.4331
860 1.48118 14.4348
870 1.4799 14.4364
880 1.48481 14.4379
890 1.49746 14.4395
900 1.50368 14.441
910 1.50442 14.4425
920 1.50494 14.4438
930 1.49412 14.4452
940 1.49349 14.4466
950 1.4922 14.4481
960 1.48312 14.4495
970 1.47897 14.451
980 1.47739 14.4523
990 1.47438 14.4537
1000 1.47456 14.4551
1010 1.48661 14.4566
1020 1.47481 14.4579
1030 1.48946 14.4592
1040 1.49626 14.4604
1050 1.49004 14.4617
1060 1.49502 14.463
1070 1.48958 14.4641
1080 1.49244 14.4653
1090 1.4778 14.4665
1100 1.47544 14.4676
1110 1.48337 14.4687
1120 1.47501 14.4697
1130 1.4743 14.4705
1140 1.47887 14.4714
1150 1.48659 14.4721
1160 1.48648 14.4729
1170 1.48183 14.4737
1180 1.48044 14.4744
1190 1.48904 14.4752
1200 1.49788 14.476
1210 1.49714 14.4767
1220 1.50009 14.4775
1230 1.50307 14.4784
1240 1.49715 14.4793
1250 1.49288 14.4803
1260 1.4858 14.4812
1270 1.48497 14.4822
1280 1.4793 14.4832
1290 1.48812 14.4841
1300 1.49726 14.4852
1310 1.48958 14.4862
1320 1.49187 14.4872
1330 1.50252 14.4881
1340 1.5017 14.489
1350 1.50408 14.4901
1360 1.49259 14.4911
1370 1.47471 14.492
1380 1.47977 14.4929
1390 1.48196 14.4939
1400 1.48292 14.4949
1410 1.47851 14.4959
1420 1.48082 14.4968
1430 1.48863 14.4976
1440 1.47786 14.4983
1450 1.47754 14.499
1460 1.48549 14.4996
1470 1.4919 14.5003
1480 1.49123 14.5009
1490 1.48797 14.5016
1500 1.49208 14.5022
1510 1.48502 14.5029
1520 1.48863 14.5035
1530 1.48762 14.5041
1540 1.49363 14.5047
1550 1.50122 14.5053
1560 1.49555 14.5058
1570 1.47747 14.5063
1580 1.48487 14.5067
1590 1.48579 14.5072
1600 1.49077 14.5077
1610 1.49688 14.5082
1620 1.49714 14.5087
1630 1.49068 14.5093
1640 1.48179 14.5099
1650 1.49993 14.5105
1660 1.50125 14.5112
1670 1.50478 14.5118
1680 1.51892 14.5125
1690 1.51991 14.513
1700 1.52449 14.5136
1710 1.52874 14.5141
1720 1.51563 14.5147
1730 1.51267 14.5152
1740 1.50856 14.5157
1750 1.50389 14.5161
1760 1.49467 14.5165
1770 1.50065 14.5169
1780 1.50245 14.5172
1790 1.50059 14.5176
1800 1.49603 14.518
1810 1.49929 14.5184
1820 1.50506 14.5188
1830 1.50591 14.5193
1840 1.50976 14.5198
1850 1.50153 14.5204
1860 1.49265 14.521
1870 1.49857 14.5216
1880 1.48913 14.5222
1890 1.48893 14.5227
1900 1.48573 14.5231
1910 1.48474 14.5235
1920 1.46961 14.5238
1930 1.47919 14.524
1940 1.47858 14.5243
1950 1.49229 14.5246
1960 1.49521 14.5248
1970 1.49188 14.525
1980 1.50024 14.5252
1990 1.49509 14.5253
2000 1.4993 14.5255
2010 1.50283 14.5257
2020 1.49699 14.5257
2030 1.51083 14.5259
2040 1.51348 14.526
2050 1.51435 14.5263
2060 1.51747 14.5264
2070 1.50983 14.5266
2080 1.51512 14.5268
2090 1.5208 14.527
2100 1.52004 14.5273
2110 1.52843 14.5275
2120 1.51623 14.5278
2130 1.51207 14.5279
2140 1.51351 14.528
2150 1.50225 14.5282
2160 1.50473 14.5282
2170 1.5079 14.5282
2180 1.50606 14.5283
2190 1.50781 14.5283
2200 1.51191 14.5284
2210 1.5068 14.5284
2220 1.50749 14.5283
2230 1.50286 14.5283
2240 1.50178 14.5282
2250 1.4951 14.5283
2260 1.4998 14.5282
2270 1.50956 14.5281
2280 1.51353 14.5279
2290 1.50447 14.5278
2300 1.51158 14.5276
2310 1.51192 14.5275
2320 1.50973 14.5273
2330 1.51249 14.5272
2340 1.51345 14.527
2350 1.50473 14.5267
2360 1.51271 14.5265
2370 1.50215 14.5262
2380 1.50988 14.526
2390 1.51055 14.5258
2400 1.51458 14.5256
2410 1.51596 14.5255
2420 1.51473 14.5253
2430 1.50769 14.5251
2440 1.50467 14.5248
2450 1.51566 14.5246
2460 1.51296 14.5243
2470 1.50764 14.524
2480 1.50509 14.5238
2490 1.51168 14.5236
2500 1.51334 14.5234
2510 1.5166 14.5233
2520 1.52362 14.5231
2530 1.52707 14.523
2540 1.52957 14.5229
2550 1.52425 14.5227
2560 1.5205 14.5225
2570 1.52493 14.5223
2580 1.52713 14.5223
2590 1.51089 14.5222
2600 1.50721 14.5221
2610 1.49862 14.5221
2620 1.49811 14.5221
2630 1.50872 14.5222
2640 1.5131 14.5223
2650 1.52066 14.5224
2660 1.51754 14.5226
2670 1.50363 14.5226
2680 1.51292 14.5226
2690 1.50317 14.5227
2700 1.50369 14.5228
2710 1.49667 14.5231
2720 1.49163 14.5234
2730 1.4968 14.5236
2740 1.49721 14.5238
2750 1.49129 14.5241
2760 1.4879 14.5243
2770 1.49089 14.5245
2780 1.48309 14.5247
2790 1.4888 14.5249
2800 1.50304 14.5251
2810 1.49814 14.5253
2820 1.5042 14.5254
2830 1.51092 14.5255
2840 1.50328 14.5256
2850 1.50644 14.5256
2860 1.50186 14.5257
2870 1.49979 14.5256
2880 1.50322 14.5255
2890 1.49962 14.5253
2900 1.49325 14.525
2910 1.48943 14.5248
2920 1.49156 14.5247
2930 1.49716 14.5244
2940 1.49972 14.5242
2950 1.50286 14.5241
2960 1.49705 14.524
2970 1.5006 14.5238
2980 1.49111 14.5236
2990 1.49834 14.5234
3000 1.49821 14.5232
3010 1.49578 14.523
3020 1.49829 14.5229
3030 1.5002 14.5228
3040 1.50689 14.5227
3050 1.49986 14.5224
3060 1.49512 14.5222
3070 1.49916 14.5219
3080 1.50042 14.5217
3090 1.50662 14.5215
3100 1.49776 14.5214
3110 1.48888 14.5213
3120 1.49409 14.5212
3130 1.49585 14.5212
3140 1.49113 14.5213
3150 1.49644 14.5214
3160 1.49909 14.5215
3170 1.49417 14.5217
3180 1.49115 14.5219
3190 1.48891 14.5222
3200 1.4927 14.5224
3210 1.48218 14.5226
3220 1.47846 14.5228
3230 1.48559 14.523
3240 1.48413 14.5233
3250 1.47336 14.5235
3260 1.46941 14.5239
3270 1.46947 14.5241
3280 1.47042 14.5243
3290 1.46699 14.5246
3300 1.48318 14.5248
3310 1.48431 14.525
3320 1.48509 14.5251
3330 1.48452 14.5253
3340 1.49197 14.5256
3350 1.49208 14.5258
3360 1.49075 14.5259
3370 1.49384 14.5262
3380 1.50791 14.5263
3390 1.52337 14.5265
3400 1.53485 14.5268
3410 1.52696 14.527
3420 1.52892 14.5272
3430 1.52266 14.5274
3440 1.5144 14.5277
3450 1.51155 14.5278
3460 1.51263 14.528
3470 1.52125 14.5282
3480 1.50602 14.5284
3490 1.50727 14.5286
3500 1.50741 14.5288
3510 1.50614 14.529
3520 1.51004 14.5292
3530 1.49977 14.5295
3540 1.49957 14.5298
3550 1.49928 14.5301
3560 1.50261 14.5304
3570 1.51808 14.5306
3580 1.51064 14.5308
3590 1.5062 14.5308
3600 1.5064 14.5309
3610 1.50835 14.5309
3620 1.50941 14.5309
3630 1.5131 14.5309
3640 1.52551 14.5309
3650 1.51749 14.5309
3660 1.51596 14.531
3670 1.5205 14.5311
3680 1.51774 14.5312
3690 1.51063 14.5312
3700 1.51187 14.5311
3710 1.5051 14.531
3720 1.50473 14.531
3730 1.50533 14.531
3740 1.49319 14.531
3750 1.4986 14.531
3760 1.50682 14.5309
3770 1.508 14.5307
3780 1.50026 14.5306
3790 1.50452 14.5306
3800 1.50599 14.5306
3810 1.51682 14.5306
3820 1.50809 14.5305
3830 1.50614 14.5304
3840 1.50137 14.5303
3850 1.5082 14.5301
3860 1.51624 14.53
3870 1.51154 14.53
3880 1.51611 14.5299
3890 1.50602 14.5297
3900 1.50021 14.5296
3910 1.5038 14.5295
3920 1.48984 14.5294
3930 1.48492 14.5294
3940 1.50117 14.5294
3950 1.49724 14.5294
3960 1.49173 14.5294
3970 1.49287 14.5294
3980 1.49986 14.5294
3990 1.49715 14.5293
4000 1.49515 14.5293
4010 1.49621 14.5291
4020 1.49468 14.529
4030 1.49868 14.5289
4040 1.49366 14.5288
4050 1.48755 14.5287
4060 1.49338 14.5285
4070 1.49269 14.5285
4080 1.50292 14.5284
4090 1.49824 14.5283
4100 1.50253 14.5281
4110 1.50741 14.528
4120 1.50805 14.5277
4130 1.50881 14.5275
4140 1.51696 14.5272
4150 1.52405 14.5269
4160 1.51426 14.5266
4170 1.50522 14.5264
4180 1.50034 14.5262
4190 1.50066 14.526
4200 1.49351 14.5259
4210 1.49039 14.5258
4220 1.49125 14.5258
4230 1.49129 14.5257
4240 1.50075 14.5257
4250 1.49608 14.5257
4260 1.4943 14.5256
4270 1.49358 14.5256
4280 1.48848 14.5257
4290 1.47995 14.5258
4300 1.47855 14.5259
4310 1.48948 14.5261
4320 1.5013 14.5263
4330 1.50661 14.5264
4340 1.51347 14.5265
4350 1.51173 14.5266
4360 1.50587 14.5268
4370 1.5098 14.527
4380 1.5111 14.5272
4390 1.50172 14.5274
4400 1.50039 14.5276
4410 1.49091 14.5278
4420 1.49116 14.528
4430 1.49159 14.5282
4440 1.48639 14.5286
4450 1.47961 14.5289
4460 1.46377 14.5291
4470 1.46429 14.5293
4480 1.46458 14.5296
4490 1.46482 14.5297
4500 1.46612 14.53
4510 1.46698 14.5303
4520 1.46618 14.5306
4530 1.4715 14.5309
4540 1.46467 14.5312
4550 1.47514 14.5315
4560 1.48092 14.5317
4570 1.4924 14.532
4580 1.49116 14.5322
4590 1.48628 14.5324
4600 1.49353 14.5326
4610 1.49376 14.5329
4620 1.4899 14.533
4630 1.49384 14.5331
4640 1.48374 14.5333
4650 1.48859 14.5334
4660 1.48622 14.5336
4670 1.49362 14.5337
4680 1.49165 14.5337
4690 1.49582 14.5339
4700 1.48569 14.534
4710 1.47884 14.5341
4720 1.48653 14.5341
4730 1.48442 14.534
4740 1.47765 14.5339
4750 1.47873 14.5337
4760 1.48161 14.5337
4770 1.48124 14.5337
4780 1.49338 14.5337
4790 1.49645 14.5336
4800 1.49601 14.5336
4810 1.49411 14.5335
4820 1.49598 14.5336
4830 1.49589 14.5336
4840 1.50208 14.5337
4850 1.4842 14.5339
4860 1.49426 14.534
4870 1.50002 14.5341
4880 1.49141 14.5343
4890 1.49802 14.5345
4900 1.49636 14.5348
4910 1.49327 14.5349
4920 1.48025 14.5351
4930 1.48053 14.5352
4940 1.47893 14.5353
4950 1.47583 14.5354
4960 1.46785 14.5354
4970 1.4739 14.5355
4980 1.47574 14.5355
4990 1.47754 14.5355
5000 1.47701 14.5356
5010 1.47869 14.5358
5020 1.47721 14.5359
5030 1.48346 14.536
5040 1.47613 14.5362
5050 1.46978 14.5363
5060 1.46676 14.5365
5070 1.48242 14.5366
5080 1.4875 14.5366
5090 1.47881 14.5365
5100 1.48451 14.5365
5110 1.50358 14.5365
5120 1.50386 14.5366
5130 1.49879 14.5366
5140 1.51148 14.5367
5150 1.50448 14.5367
5160 1.49031 14.5368
5170 1.50143 14.5367
5180 1.50766 14.5367
5190 1.50939 14.5366
5200 1.51416 14.5365
5210 1.51912 14.5365
5220 1.52779 14.5364
5230 1.53138 14.5364
5240 1.51515 14.5364
5250 1.51455 14.5364
5260 1.49922 14.5364
5270 1.50359 14.5363
5280 1.49609 14.5362
5290 1.49537 14.5362
5300 1.50233 14.5362
5310 1.50589 14.5362
5320 1.50736 14.5362
5330 1.50979 14.5361
5340 1.52291 14.5362
5350 1.52197 14.5362
5360 1.52934 14.5361
5370 1.5353 14.5361
5380 1.52088 14.5361
5390 1.51344 14.5361
5400 1.5034 14.5361
5410 1.50524 14.536
5420 1.50046 14.5359
5430 1.49095 14.5358
5440 1.50311 14.5356
5450 1.50436 14.5356
5460 1.51182 14.5355
5470 1.51478 14.5355
5480 1.504 14.5354
5490 1.51382 14.5353
5500 1.50329 14.5352
5510 1.5115 14.5352
5520 1.50888 14.5351
5530 1.51807 14.5351
5540 1.50772 14.535
5550 1.51451 14.535
5560 1.52029 14.535
5570 1.51704 14.5349
5580 1.52058 14.5349
5590 1.51722 14.5348
5600 1.49349 14.5347
5610 1.49359 14.5345
5620 1.50822 14.5343
5630 1.50499 14.534
5640 1.50378 14.5338
5650 1.5061 14.5336
5660 1.51332 14.5333
5670 1.50863 14.5331
5680 1.50075 14.533
5690 1.49954 14.5329
5700 1.5 14.5328
5710 1.48861 14.5328
5720 1.49012 14.5328
5730 1.48327 14.5326
5740 1.48211 14.5325
5750 1.48143 14.5323
5760 1.47783 14.5321
5770 1.47708 14.5319
5780 1.47613 14.5318
5790 1.47094 14.5317
5800 1.47337 14.5317
5810 1.47338 14.5317
5820 1.48019 14.5319
5830 1.48134 14.532
5840 1.48348 14.532
5850 1.47575 14.5321
5860 1.48208 14.5322
5870 1.49185 14.5322
5880 1.4912 14.5321
5890 1.50925 14.5321
5900 1.51257 14.532
5910 1.50521 14.5319
5920 1.50044 14.5318
5930 1.50149 14.5316
5940 1.50209 14.5314
5950 1.49443 14.5313
5960 1.49303 14.5312
5970 1.48699 14.5312
5980 1.49873 14.5311
5990 1.50963 14.5312
6000 1.50851 14.5312
6010 1.51438 14.5312
6020 1.51758 14.5312
6030 1.52522 14.5312
6040 1.52318 14.5312
6050 1.51994 14.5311
6060 1.51381 14.5311
6070 1.50553 14.5312
6080 1.51156 14.5312
6090 1.51621 14.5312
6100 1.52604 14.5313
6110 1.53695 14.5315
6120 1.52211 14.5315
6130 1.51139 14.5315
6140 1.50253 14.5316
6150 1.50503 14.5316
6160 1.50571 14.5316
6170 1.50443 14.5316
6180 1.50678 14.5316
6190 1.50868 14.5315
6200 1.50697 14.5313
6210 1.50356 14.5314
6220 1.51065 14.5314
6230 1.49697 14.5315
6240 1.49885 14.5314
6250 1.49473 14.5313
6260 1.50224 14.5313
6270 1.49694 14.5313
6280 1.49606 14.5312
6290 1.49668 14.5311
6300 1.48949 14.531
6310 1.49 14.5309
6320 1.48459 14.5308
6330 1.48469 14.5306
6340 1.48601 14.5304
6350 1.48646 14.5303
6360 1.48056 14.5301
6370 1.47676 14.5299
6380 1.47761 14.5297
6390 1.48167 14.5295
6400 1.47444 14.5294
6410 1.47714 14.5293
6420 1.48402 14.5291
6430 1.4946 14.529
6440 1.50787 14.5289
6450 1.51066 14.5287
6460 1.52311 14.5285
6470 1.52607 14.5283
6480 1.52084 14.5281
6490 1.52608 14.5279
6500 1.51701 14.5277
6510 1.51032 14.5275
6520 1.51214 14.5273
6530 1.51771 14.5271
6540 1.51844 14.5269
6550 1.51902 14.5267
6560 1.53359 14.5263
6570 1.53262 14.5261
6580 1.54031 14.5259
6590 1.53992 14.5257
6600 1.52505 14.5256
6610 1.52333 14.5254
6620 1.51894 14.5253
6630 1.52238 14.5253
6640 1.52163 14.5253
6650 1.52741 14.5253
6660 1.53069 14.5252
6670 1.52659 14.5251
6680 1.5242 14.5252
6690 1.52323 14.5254
6700 1.50924 14.5255
6710 1.52172 14.5256
6720 1.51863 14.5257
6730 1.51755 14.5258
6740 1.50661 14.526
6750 1.50496 14.5261
6760 1.49958 14.5263
6770 1.50143 14.5265
6780 1.50188 14.5268
6790 1.50995 14.527
6800 1.51325 14.5273
6810 1.51391 14.5275
6820 1.51134 14.5277
6830 1.50644 14.5278
6840 1.49564 14.5279
6850 1.49202 14.528
6860 1.48682 14.5282
6870 1.49265 14.5283
6880 1.48155 14.5284
6890 1.48319 14.5286
6900 1.48706 14.5287
6910 1.48851 14.5288
6920 1.48393 14.5289
6930 1.47574 14.529
6940 1.47572 14.5291
6950 1.47686 14.5292
6960 1.47666 14.5292
6970 1.48292 14.5293
6980 1.49512 14.5295
6990 1.49603 14.5296
7000 1.48804 14.5297
7010 1.47458 14.5298
7020 1.46912 14.5298
7030 1.48369 14.5299
7040 1.48173 14.5299
7050 1.48666 14.5299
7060 1.48597 14.5299
7070 1.49736 14.5301
7080 1.49925 14.5302
7090 1.49032 14.5303
7100 1.48968 14.5303
7110 1.49177 14.5303
7120 1.49959 14.5303
7130 1.50119 14.5303
7140 1.49753 14.5303
7150 1.49809 14.5303
7160 1.50375 14.5303
7170 1.50295 14.5303
7180 1.51254 14.5303
7190 1.50614 14.5303
7200 1.50716 14.5303
7210 1.5054 14.5304
7220 1.50035 14.5304
7230 1.50676 14.5303
7240 1.51137 14.5303
7250 1.50368 14.5303
7260 1.48669 14.5302
7270 1.49366 14.5302
7280 1.47687 14.5303
7290 1.47975 14.5302
7300 1.48502 14.5302
7310 1.49545 14.5303
7320 1.49577 14.5304
7330 1.49922 14.5303
7340 1.5011 14.5303
7350 1.49586 14.5302
7360 1.48494 14.5302
7370 1.47959 14.5302
7380 1.48236 14.53
7390 1.4755 14.5299
7400 1.47049 14.5298
7410 1.48069 14.5298
7420 1.48003 14.5298
7430 1.49576 14.5298
7440 1.50883 14.5299
7450 1.50841 14.53
7460 1.51004 14.5302
7470 1.51343 14.5304
7480 1.519 14.5305
7490 1.53044 14.5306
7500 1.52887 14.5306
7510 1.52798 14.5307
7520 1.52893 14.5308
7530 1.53114 14.5308
7540 1.52798 14.5309
7550 1.51703 14.5309
7560 1.51103 14.5309
7570 1.5126 14.5309
7580 1.52005 14.5309
7590 1.51785 14.5309
7600 1.5195 14.5309
7610 1.51131 14.531
7620 1.51659 14.531
7630 1.52159 14.5311
7640 1.51643 14.5313
7650 1.51294 14.5313
7660 1.51163 14.5314
7670 1.4972 14.5314
7680 1.49115 14.5314
7690 1.48687 14.5314
7700 1.48113 14.5315
7710 1.47601 14.5315
7720 1.47253 14.5314
7730 1.47281 14.5313
7740 1.4847 14.5313
7750 1.48189 14.5313
7760 1.46706 14.5312
7770 1.47028 14.5311
7780 1.46968 14.5309
7790 1.47629 14.5308
7800 1.48808 14.5307
7810 1.49887 14.5306
7820 1.50833 14.5304
7830 1.50919 14.5301
7840 1.50914 14.5299
7850 1.49341 14.5298
7860 1.50831 14.5297
7870 1.51331 14.5296
7880 1.51193 14.5295
7890 1.51756 14.5294
7900 1.51628 14.5293
7910 1.51024 14.5293
7920 1.49718 14.5292
7930 1.4834 14.5293
7940 1.47094 14.5293
7950 1.48287 14.5294
7960 1.49719 14.5294
7970 1.49553 14.5294
7980 1.5062 14.5294
7990 1.51217 14.5294
8000 1.50746 14.5294
8010 1.50502 14.5295
8020 1.50235 14.5295
8030 1.50069 14.5296
8040 1.50529 14.5297
8050 1.5114 14.5298
8060 1.5059 14.5299
8070 1.50799 14.5301
8080 1.51672 14.5303
8090 1.51813 14.5304
8100 1.51908 14.5305
8110 1.51901 14.5307
8120 1.51796 14.5308
8130 1.52758 14.5309
8140 1.52899 14.5311
8150 1.52124 14.5311
8160 1.50549 14.5312
8170 1.50793 14.5312
8180 1.50969 14.5312
8190 1.50915 14.5311
8200 1.49895 14.5311
8210 1.49876 14.531
8220 1.48838 14.531
8230 1.4912 14.531
8240 1.48253 14.531
8250 1.48346 14.531
8260 1.48227 14.5311
8270 1.48181 14.5312
8280 1.48829 14.5315
8290 1.47732 14.5317
8300 1.48265 14.5318
8310 1.4907 14.532
8320 1.49079 14.5323
8330 1.49999 14.5324
8340 1.5067 14.5327
8350 1.50473 14.533
8360 1.51118 14.5332
8370 1.50771 14.5335
8380 1.50197 14.5338
8390 1.50416 14.534
8400 1.49068 14.5343
8410 1.48872 14.5345
8420 1.49263 14.5346
8430 1.49731 14.5347
8440 1.50597 14.5347
8450 1.51023 14.5349
8460 1.49811 14.535
8470 1.49003 14.5351
8480 1.49035 14.5352
8490 1.49387 14.5352
8500 1.49183 14.5352
8510 1.5005 14.5352
8520 1.50463 14.5352
8530 1.50214 14.5353
8540 1.49972 14.5354
8550 1.49006 14.5356
8560 1.48928 14.5359
8570 1.48804 14.5362
8580 1.47693 14.5365
8590 1.47758 14.537
8600 1.47091 14.5374
8610 1.47622 14.5379
8620 1.48602 14.5383
8630 1.47281 14.5387
8640 1.46479 14.5391
8650 1.46726 14.5395
8660 1.46695 14.5398
8670 1.47068 14.5402
8680 1.47916 14.5406
8690 1.47367 14.541
8700 1.48079 14.5415
8710 1.48401 14.542
8720 1.48847 14.5424
8730 1.48583 14.5427
8740 1.47941 14.5431
8750 1.48169 14.5435
8760 1.49718 14.5438
8770 1.49389 14.544
8780 1.49087 14.5441
8790 1.48015 14.5443
8800 1.47736 14.5445
8810 1.48131 14.5447
8820 1.47369 14.5449
8830 1.47158 14.5451
8840 1.46906 14.5454
8850 1.47868 14.5455
8860 1.46639 14.5456
8870 1.46884 14.5458
8880 1.48105 14.5459
8890 1.49071 14.546
8900 1.48857 14.546
8910 1.47852 14.546
8920 1.48436 14.546
8930 1.47455 14.546
8940 1.47724 14.5459
8950 1.47841 14.5458
8960 1.46999 14.5456
8970 1.46906 14.5454
8980 1.46957 14.5452
8990 1.46719 14.545
9000 1.4744 14.5447
9010 1.46548 14.5443
9020 1.46641 14.5439
9030 1.4664 14.5435
9040 1.46361 14.543
9050 1.46156 14.5426
9060 1.47193 14.5421
9070 1.48129 14.5416
9080 1.47186 14.5412
9090 1.48282 14.5409
9100 1.48471 14.5406
9110 1.48127 14.5402
9120 1.47686 14.5398
9130 1.49154 14.5394
9140 1.48903 14.539
9150 1.48003 14.5387
9160 1.47886 14.5384
9170 1.47373 14.5381
9180 1.47395 14.5377
9190 1.48392 14.5374
9200 1.48278 14.537
9210 1.48558 14.5366
9220 1.5044 14.5361
9230 1.51583 14.5358
9240 1.52603 14.5353
9250 1.52797 14.5348
9260 1.53307 14.5345
9270 1.53491 14.5341
9280 1.53677 14.5337
9290 1.53115 14.5333
9300 1.52876 14.5329
9310 1.53117 14.5324
9320 1.52167 14.5321
9330 1.5203 14.5319
9340 1.52516 14.5317
9350 1.5166 14.5314
9360 1.51212 14.5312
9370 1.51288 14.5311
9380 1.51489 14.5311
9390 1.50971 14.531
9400 1.50286 14.531
9410 1.49746 14.5309
9420 1.50533 14.5309
9430 1.51696 14.531
9440 1.50605 14.531
9450 1.49899 14.531
9460 1.49566 14.5309
9470 1.49977 14.5309
9480 1.5009 14.5308
9490 1.50297 14.5308
9500 1.50147 14.5308
9510 1.49567 14.5308
9520 1.50073 14.5308
9530 1.49872 14.531
9540 1.50442 14.531
9550 1.49552 14.5311
9560 1.4939 14.5312
9570 1.48988 14.5312
9580 1.49324 14.5313
9590 1.48292 14.5313
9600 1.47611 14.5313
9610 1.47069 14.5313
9620 1.4854 14.5313
9630 1.47942 14.5312
9640 1.47724 14.5311
9650 1.47879 14.531
9660 1.47689 14.531
9670 1.47852 14.5309
9680 1.46911 14.5308
9690 1.4692 14.5307
9700 1.477 14.5306
9710 1.49256 14.5304
9720 1.50247 14.5302
9730 1.51316 14.53
9740 1.50679 14.5298
9750 1.51279 14.5297
9760 1.50807 14.5294
9770 1.51216 14.5292
9780 1.51963 14.529
9790 1.52883 14.529
9800 1.51418 14.529
9810 1.50746 14.5289
9820 1.50603 14.5288
9830 1.51987 14.5286
9840 1.51026 14.5285
9850 1.51153 14.5284
9860 1.49216 14.5283
9870 1.48376 14.5283
9880 1.49649 14.5283
9890 1.50082 14.5283
9900 1.49585 14.5283
9910 1.49448 14.5283
9920 1.49315 14.5282
9930 1.49546 14.5282
9940 1.50166 14.5282
9950 1.50287 14.5282
9960 1.49718 14.5282
9970 1.49521 14.5281
9980 1.49565 14.5281
9990 1.49156 14.528
10000 1.48723 14.528
10010 1.48505 14.5279
10020 1.48577 14.5279
10030 1.48345 14.5278
10040 1.48603 14.5278
