# Time-averaged data for fix ave_time
# TimeStep v_kinetic_energy v_potential_energy
5050 1.47334 14.5235
5060 1.48856 14.5233
5070 1.47249 14.5233
5080 1.49406 14.5233
5090 1.51618 14.5233
5100 1.5215 14.5233
5110 1.51589 14.5232
5120 1.50878 14.5231
5130 1.47788 14.5231
5140 1.48452 14.5232
5150 1.52509 14.5233
5160 1.53569 14.5233
5170 1.51887 14.5232
5180 1.4952 14.5232
5190 1.52546 14.5232
5200 1.54267 14.5232
5210 1.49593 14.5231
5220 1.50121 14.5229
5230 1.49038 14.5231
5240 1.50623 14.5233
5250 1.47133 14.5235
5260 1.49546 14.5235
5270 1.4824 14.5234
5280 1.48641 14.5235
5290 1.48914 14.5235
5300 1.50867 14.5234
5310 1.48687 14.5233
5320 1.49319 14.5233
5330 1.46854 14.5234
5340 1.48888 14.5235
5350 1.4771 14.5239
5360 1.48369 14.524
5370 1.51336 14.524
5380 1.4862 14.5239
5390 1.49652 14.5237
5400 1.50795 14.5237
5410 1.49531 14.5237
5420 1.50412 14.5238
5430 1.51805 14.5239
5440 1.51849 14.524
5450 1.51996 14.524
5460 1.50059 14.5239
5470 1.49919 14.5238
5480 1.4947 14.5238
5490 1.4591 14.5237
5500 1.47889 14.5237
5510 1.53037 14.5237
5520 1.51332 14.5235
5530 1.50791 14.5234
5540 1.49563 14.5232
5550 1.50254 14.5232
5560 1.50723 14.523
5570 1.52873 14.5229
5580 1.53954 14.5227
5590 1.48582 14.5226
5600 1.53114 14.5225
5610 1.49874 14.5225
5620 1.49785 14.5225
5630 1.46245 14.5226
5640 1.4669 14.5226
5650 1.49438 14.5224
5660 1.52825 14.5222
5670 1.50723 14.5222
5680 1.4934 14.5222
5690 1.5044 14.5222
5700 1.50758 14.5222
5710 1.47779 14.5224
5720 1.44618 14.5224
5730 1.46764 14.5223
5740 1.48923 14.5224
5750 1.4902 14.5226
5760 1.47058 14.5228
5770 1.49765 14.5231
5780 1.48239 14.5233
5790 1.50178 14.5234
5800 1.51481 14.5235
5810 1.50664 14.5234
5820 1.49899 14.5233
5830 1.50494 14.5233
5840 1.49334 14.5232
5850 1.48845 14.5232
5860 1.50104 14.5232
5870 1.52324 14.5232
5880 1.50836 14.5232
5890 1.50339 14.5231
5900 1.5144 14.5229
5910 1.50074 14.5228
5920 1.5202 14.5226
5930 1.51484 14.5226
5940 1.5328 14.5225
5950 1.52648 14.5225
5960 1.49182 14.5227
5970 1.49339 14.5226
5980 1.49804 14.5226
5990 1.48627 14.5227
6000 1.48505 14.5227
6010 1.47369 14.5229
6020 1.49262 14.523
6030 1.47158 14.5232
6040 1.47949 14.5235
6050 1.49565 14.5238
6060 1.49175 14.5239
6070 1.48349 14.524
6080 1.49731 14.524
6090 1.47535 14.524
6100 1.46791 14.5239
6110 1.48463 14.5239
6120 1.5024 14.524
6130 1.47839 14.5241
6140 1.48385 14.5243
6150 1.47526 14.5244
6160 1.49174 14.5245
6170 1.49588 14.5246
6180 1.5179 14.5246
6190 1.47924 14.5246
6200 1.4647 14.5246
6210 1.48435 14.5247
6220 1.47948 14.5248
6230 1.49272 14.5248
6240 1.49517 14.525
6250 1.50566 14.5253
6260 1.50716 14.5255
6270 1.50467 14.5257
6280 1.5169 14.5259
6290 1.54257 14.5259
6300 1.52253 14.526
6310 1.48718 14.5262
6320 1.48343 14.5266
6330 1.51034 14.5269
6340 1.49274 14.527
6350 1.50225 14.527
6360 1.49662 14.527
6370 1.49527 14.5271
6380 1.49623 14.5273
6390 1.48726 14.5275
6400 1.48017 14.5277
6410 1.5039 14.528
6420 1.52685 14.5282
6430 1.51519 14.5283
6440 1.49728 14.5285
6450 1.4731 14.5286
6460 1.5122 14.5287
6470 1.51449 14.5289
6480 1.53814 14.529
6490 1.52461 14.529
6500 1.50304 14.529
6510 1.4965 14.529
6520 1.5266 14.5288
6530 1.52989 14.5285
6540 1.51046 14.5285
6550 1.511 14.5284
6560 1.49338 14.5283
6570 1.47929 14.5281
6580 1.48541 14.528
6590 1.4912 14.528
6600 1.51211 14.528
6610 1.47715 14.5278
6620 1.48474 14.5276
6630 1.51543 14.5274
6640 1.48075 14.5273
6650 1.49228 14.5273
6660 1.5024 14.5273
6670 1.5217 14.5272
6680 1.51287 14.5272
6690 1.5035 14.527
6700 1.49785 14.5268
6710 1.4965 14.5269
6720 1.51064 14.5268
6730 1.48106 14.5268
6740 1.51082 14.5268
6750 1.55133 14.5268
6760 1.53739 14.5269
6770 1.49741 14.527
6780 1.4762 14.5271
6790 1.48498 14.5272
6800 1.50612 14.5272
6810 1.51975 14.5272
6820 1.49742 14.5271
6830 1.50559 14.5271
6840 1.49831 14.5269
6850 1.52551 14.5268
6860 1.52285 14.5267
6870 1.51373 14.5265
6880 1.52502 14.5264
6890 1.4993 14.5263
6900 1.49924 14.5262
6910 1.48926 14.526
6920 1.49575 14.5257
6930 1.50658 14.5255
6940 1.51302 14.5253
6950 1.4855 14.5254
6960 1.4895 14.5255
6970 1.4827 14.5254
6980 1.48323 14.5254
6990 1.49451 14.5254
7000 1.48897 14.5253
7010 1.49781 14.5254
7020 1.4891 14.5256
7030 1.49753 14.5256
7040 1.46961 14.5257
7050 1.52038 14.5258
7060 1.53276 14.5259
7070 1.53614 14.526
7080 1.52029 14.5262
7090 1.50926 14.5261
7100 1.48336 14.5258
7110 1.49245 14.5256
7120 1.46773 14.5254
7130 1.48397 14.5252
7140 1.49479 14.5251
7150 1.50204 14.525
7160 1.51689 14.5247
7170 1.50887 14.5245
7180 1.50268 14.5243
7190 1.51081 14.5242
7200 1.48914 14.5242
7210 1.4721 14.5241
7220 1.47801 14.5242
7230 1.49827 14.5243
7240 1.50301 14.5244
7250 1.49599 14.5243
7260 1.48055 14.5243
7270 1.47013 14.5242
7280 1.48087 14.5242
7290 1.51712 14.5241
7300 1.50242 14.524
7310 1.51074 14.5239
7320 1.4846 14.5238
7330 1.47486 14.5237
7340 1.48626 14.5238
7350 1.50366 14.5239
7360 1.50547 14.5241
7370 1.49723 14.5241
7380 1.51032 14.524
7390 1.50278 14.5241
7400 1.49423 14.5241
7410 1.50911 14.5241
7420 1.51455 14.524
7430 1.47722 14.5238
7440 1.47253 14.5239
7450 1.47043 14.524
7460 1.51396 14.524
7470 1.50141 14.5239
7480 1.51363 14.5237
7490 1.49501 14.5236
7500 1.50982 14.5235
7510 1.50549 14.5234
7520 1.49753 14.5235
7530 1.48657 14.5237
7540 1.47967 14.524
7550 1.48788 14.5242
7560 1.47778 14.5243
7570 1.47351 14.5243
7580 1.47973 14.5242
7590 1.50827 14.5241
7600 1.48114 14.5242
7610 1.49164 14.5243
7620 1.50555 14.5243
7630 1.48106 14.5244
7640 1.49441 14.5246
7650 1.49599 14.525
7660 1.50269 14.5255
7670 1.49202 14.5256
7680 1.49972 14.5256
7690 1.50303 14.5257
7700 1.48967 14.5257
7710 1.49273 14.5255
7720 1.50321 14.5255
7730 1.50699 14.5254
7740 1.49568 14.5252
7750 1.50163 14.5253
7760 1.5141 14.5255
7770 1.51287 14.5258
7780 1.49225 14.5262
7790 1.49575 14.5264
7800 1.47944 14.5266
7810 1.50082 14.5267
7820 1.53838 14.5268
7830 1.5366 14.5268
7840 1.51892 14.527
7850 1.53496 14.5272
7860 1.5227 14.5273
7870 1.51279 14.5274
7880 1.50398 14.5274
7890 1.49564 14.5274
7900 1.49554 14.5274
7910 1.49563 14.5273
7920 1.50161 14.5272
7930 1.51828 14.5272
7940 1.51679 14.5272
7950 1.4922 14.5272
7960 1.47754 14.5271
7970 1.49971 14.5271
7980 1.49619 14.5272
7990 1.49763 14.5271
8000 1.51384 14.5269
8010 1.49487 14.5267
8020 1.49107 14.5268
8030 1.47679 14.5267
8040 1.5094 14.5265
8050 1.47811 14.5263
8060 1.48834 14.5263
8070 1.49604 14.5262
8080 1.49297 14.5263
8090 1.47516 14.5263
8100 1.49403 14.5262
8110 1.48491 14.5261
8120 1.50205 14.526
8130 1.4619 14.5262
8140 1.49301 14.5265
8150 1.47689 14.5268
8160 1.50653 14.5269
8170 1.5038 14.5271
8180 1.50308 14.5272
8190 1.51402 14.5274
8200 1.49008 14.5276
8210 1.51188 14.5276
8220 1.51665 14.5277
8230 1.49827 14.5276
8240 1.47995 14.5275
8250 1.48215 14.5274
8260 1.49894 14.5273
8270 1.49017 14.5272
8280 1.48513 14.5275
8290 1.48264 14.5277
8300 1.4899 14.5279
8310 1.47876 14.528
8320 1.49262 14.5281
8330 1.50722 14.528
8340 1.51123 14.5281
8350 1.49212 14.528
8360 1.50057 14.5278
8370 1.48155 14.5279
8380 1.49049 14.528
8390 1.48131 14.5281
8400 1.47381 14.5282
8410 1.47539 14.5283
8420 1.48434 14.5283
8430 1.50752 14.5281
8440 1.52723 14.5279
8450 1.50005 14.5278
8460 1.51856 14.5279
8470 1.49644 14.528
8480 1.51293 14.5281
8490 1.50277 14.5283
8500 1.50662 14.5284
8510 1.4778 14.5285
8520 1.50491 14.5285
8530 1.51804 14.5287
8540 1.50538 14.5289
8550 1.49039 14.529
8560 1.48477 14.5288
8570 1.48139 14.5287
8580 1.48941 14.5288
8590 1.50655 14.5288
8600 1.49388 14.5289
8610 1.49934 14.5288
8620 1.46873 14.5288
8630 1.48096 14.5287
8640 1.52679 14.5287
8650 1.51374 14.5285
8660 1.52032 14.5282
8670 1.50415 14.528
8680 1.49601 14.5275
8690 1.51208 14.5274
8700 1.48584 14.5273
8710 1.51925 14.5272
8720 1.53082 14.527
8730 1.51408 14.5271
8740 1.50389 14.5272
8750 1.51202 14.5273
8760 1.49851 14.5274
8770 1.47144 14.5275
8780 1.50295 14.5276
8790 1.51564 14.5279
8800 1.51649 14.5279
8810 1.52531 14.528
8820 1.49173 14.528
8830 1.478 14.5282
8840 1.514 14.5283
8850 1.48305 14.5283
8860 1.49325 14.5285
8870 1.49146 14.5286
8880 1.50058 14.5286
8890 1.48628 14.5287
8900 1.48162 14.5288
8910 1.48137 14.5288
8920 1.5165 14.5287
8930 1.50141 14.5287
8940 1.52832 14.5286
8950 1.49721 14.5284
8960 1.49732 14.5283
8970 1.50765 14.5283
8980 1.52816 14.5285
8990 1.52702 14.5286
9000 1.50875 14.5288
9010 1.49214 14.5291
9020 1.50196 14.5291
9030 1.52878 14.5288
9040 1.51284 14.5287
9050 1.48849 14.5283
9060 1.51475 14.528
9070 1.49641 14.5279
9080 1.4938 14.5278
9090 1.47607 14.5277
9100 1.51258 14.5276
9110 1.50944 14.5276
9120 1.48564 14.5278
9130 1.50174 14.5279
9140 1.49936 14.528
9150 1.51253 14.5281
9160 1.49 14.5281
9170 1.4752 14.528
9180 1.51224 14.5279
9190 1.51358 14.5279
9200 1.5011 14.5278
9210 1.49338 14.5279
9220 1.48994 14.528
9230 1.51321 14.528
9240 1.52788 14.5282
9250 1.50305 14.5284
9260 1.50678 14.5286
9270 1.48785 14.5287
9280 1.46821 14.5287
9290 1.47561 14.5286
9300 1.47439 14.5285
9310 1.46822 14.5285
9320 1.47697 14.5286
9330 1.49081 14.5286
9340 1.51701 14.5286
9350 1.51276 14.5285
9360 1.51227 14.5283
9370 1.49994 14.5281
9380 1.51722 14.5281
9390 1.50807 14.528
9400 1.51914 14.5278
9410 1.48499 14.5277
9420 1.47603 14.5277
9430 1.48553 14.5278
9440 1.48242 14.5277
9450 1.48918 14.5277
9460 1.46677 14.5276
9470 1.51311 14.5276
9480 1.52735 14.5275
9490 1.50694 14.5275
9500 1.48776 14.5273
9510 1.49356 14.527
9520 1.50517 14.5268
9530 1.46931 14.5267
9540 1.50796 14.5267
9550 1.5159 14.5266
9560 1.48225 14.5264
9570 1.48429 14.5263
9580 1.49879 14.5263
9590 1.52317 14.5264
9600 1.50474 14.5267
9610 1.49209 14.5269
9620 1.51058 14.5271
9630 1.50149 14.5275
9640 1.52032 14.5277
9650 1.5281 14.5278
9660 1.52998 14.5277
9670 1.50728 14.5278
9680 1.49322 14.5277
9690 1.49877 14.5275
9700 1.49999 14.5272
9710 1.50551 14.5269
9720 1.51528 14.5267
9730 1.50839 14.5265
9740 1.50492 14.5263
9750 1.48629 14.5261
9760 1.51344 14.5261
9770 1.49862 14.5262
9780 1.51952 14.5263
9790 1.5181 14.5264
9800 1.47101 14.5265
9810 1.49621 14.5264
9820 1.51357 14.5265
9830 1.49747 14.5264
9840 1.48132 14.5264
9850 1.49646 14.5265
9860 1.51147 14.5265
9870 1.52979 14.5262
9880 1.519 14.5263
9890 1.49771 14.5264
9900 1.51237 14.5264
9910 1.50432 14.5266
9920 1.49815 14.5267
9930 1.53356 14.5268
9940 1.5254 14.5267
9950 1.54563 14.5267
9960 1.51441 14.5269
9970 1.51378 14.527
9980 1.49588 14.527
9990 1.49055 14.5271
10000 1.46958 14.527
10010 1.46811 14.5269
10020 1.51129 14.5266
10030 1.51949 14.5266
10040 1.50061 14.5268
10050 1.50289 14.527
10060 1.45765 14.5271
10070 1.47584 14.527
10080 1.51842 14.5267
10090 1.54144 14.5265
10100 1.52039 14.5266
10110 1.49901 14.5265
10120 1.50208 14.5265
10130 1.50079 14.5265
10140 1.49744 14.5266
10150 1.49431 14.5267
10160 1.507 14.5266
10170 1.50617 14.5262
10180 1.49605 14.5261
10190 1.48064 14.5261
10200 1.50077 14.5262
10210 1.5109 14.5262
10220 1.52486 14.5262
10230 1.52259 14.5259
10240 1.5279 14.5257
10250 1.52071 14.5255
10260 1.49178 14.5256
10270 1.50306 14.5256
10280 1.52226 14.5256
10290 1.51167 14.5256
10300 1.5022 14.5257
10310 1.50434 14.5258
10320 1.51206 14.5259
10330 1.49078 14.5259
10340 1.49413 14.5258
10350 1.50643 14.5259
10360 1.51166 14.5258
10370 1.50765 14.5256
10380 1.51759 14.5253
10390 1.48906 14.5252
10400 1.48721 14.525
10410 1.47733 14.525
10420 1.49068 14.525
10430 1.47042 14.5249
10440 1.47105 14.5248
10450 1.47481 14.5247
10460 1.4994 14.5244
10470 1.51379 14.5242
10480 1.47153 14.5241
10490 1.4797 14.5241
10500 1.5143 14.5241
10510 1.5082 14.524
10520 1.50519 14.524
10530 1.50349 14.5241
10540 1.50232 14.5242
10550 1.51769 14.524
10560 1.50266 14.5241
10570 1.50167 14.5239
10580 1.49531 14.5239
10590 1.49273 14.5238
10600 1.513 14.5237
10610 1.50428 14.5236
10620 1.51738 14.5235
10630 1.49436 14.5233
10640 1.50516 14.5231
10650 1.49931 14.5228
10660 1.50938 14.5228
10670 1.51777 14.5226
10680 1.51976 14.5224
10690 1.51051 14.5224
10700 1.5042 14.5224
10710 1.50007 14.5226
10720 1.49861 14.5229
10730 1.50061 14.5228
10740 1.4699 14.5226
10750 1.48833 14.5225
10760 1.52153 14.5226
10770 1.51429 14.5226
10780 1.52008 14.5225
10790 1.50541 14.5225
10800 1.52064 14.5223
10810 1.51476 14.5222
10820 1.51609 14.522
10830 1.49113 14.5219
10840 1.50866 14.5219
10850 1.48411 14.5218
10860 1.48733 14.5217
10870 1.4972 14.5216
10880 1.5035 14.5216
10890 1.48979 14.5217
10900 1.50346 14.5217
10910 1.50011 14.5219
10920 1.50563 14.522
10930 1.50677 14.522
10940 1.5135 14.5219
10950 1.5096 14.5218
10960 1.51748 14.5218
10970 1.50572 14.5218
10980 1.49318 14.5218
10990 1.49478 14.522
11000 1.48616 14.522
11010 1.50323 14.522
11020 1.52211 14.5222
11030 1.52178 14.5221
11040 1.4904 14.5219
11050 1.51006 14.5218
11060 1.47897 14.5218
11070 1.49763 14.5217
11080 1.50616 14.5216
11090 1.50198 14.5215
11100 1.51956 14.5215
11110 1.50499 14.5213
11120 1.49636 14.5212
11130 1.5069 14.5212
11140 1.48612 14.5211
11150 1.49213 14.5211
11160 1.5085 14.5211
11170 1.49183 14.5211
11180 1.51169 14.5211
11190 1.50576 14.5211
11200 1.48518 14.5212
11210 1.50794 14.5213
11220 1.5022 14.5214
11230 1.48297 14.5215
11240 1.49496 14.5215
11250 1.47782 14.5216
11260 1.51917 14.5215
11270 1.5004 14.5214
11280 1.50219 14.5213
11290 1.49481 14.5213
11300 1.47938 14.5213
11310 1.50429 14.5212
11320 1.53237 14.5211
11330 1.52585 14.521
11340 1.5188 14.5211
11350 1.51711 14.521
11360 1.48743 14.5211
11370 1.50911 14.5214
11380 1.50976 14.5216
11390 1.49082 14.5219
11400 1.49366 14.522
11410 1.49126 14.5222
11420 1.49887 14.5223
11430 1.46497 14.5223
11440 1.51271 14.5225
11450 1.47231 14.5229
11460 1.47976 14.5231
11470 1.48157 14.5233
11480 1.49172 14.5234
11490 1.50142 14.5235
11500 1.51352 14.5235
11510 1.49156 14.5235
11520 1.50813 14.5235
11530 1.53263 14.5232
11540 1.5281 14.5229
11550 1.51088 14.5228
11560 1.50659 14.5228
11570 1.53875 14.523
11580 1.51806 14.5229
11590 1.52979 14.5229
11600 1.53678 14.5231
11610 1.49404 14.5232
11620 1.51209 14.5233
11630 1.49563 14.5233
11640 1.53503 14.5233
11650 1.52562 14.5231
11660 1.51098 14.523
11670 1.49812 14.5231
11680 1.50199 14.5231
11690 1.49103 14.5233
11700 1.52234 14.5234
11710 1.50541 14.5235
11720 1.49454 14.5235
11730 1.50313 14.5234
11740 1.48115 14.5232
11750 1.50453 14.5233
11760 1.49629 14.5233
11770 1.50253 14.5234
11780 1.51812 14.5236
11790 1.5156 14.5238
11800 1.51311 14.524
11810 1.51838 14.524
11820 1.49049 14.524
11830 1.48148 14.5239
11840 1.47316 14.5239
11850 1.5038 14.5239
11860 1.48805 14.5241
11870 1.50798 14.5243
11880 1.48085 14.5246
11890 1.49426 14.5248
11900 1.50185 14.525
11910 1.53115 14.5249
11920 1.49332 14.525
11930 1.48993 14.5249
11940 1.47234 14.5248
11950 1.48262 14.5247
11960 1.47946 14.5248
11970 1.50555 14.5249
11980 1.4999 14.5251
11990 1.49249 14.5254
12000 1.49333 14.5256
12010 1.50833 14.5259
12020 1.47351 14.5261
12030 1.45102 14.526
12040 1.48666 14.5258
12050 1.51473 14.5256
12060 1.48687 14.5254
12070 1.50669 14.5255
12080 1.48999 14.5256
12090 1.50999 14.5256
12100 1.50426 14.5256
12110 1.51872 14.5256
12120 1.5112 14.5257
12130 1.49889 14.5255
12140 1.50928 14.5254
12150 1.49106 14.5254
12160 1.48178 14.5256
12170 1.48817 14.5257
12180 1.50945 14.5259
12190 1.50398 14.526
12200 1.49886 14.526
12210 1.47976 14.526
12220 1.48739 14.526
12230 1.4855 14.5261
12240 1.48154 14.5261
12250 1.50472 14.5259
12260 1.48803 14.5258
12270 1.49812 14.5257
12280 1.49758 14.5255
12290 1.49034 14.525
12300 1.47952 14.5247
12310 1.47512 14.5245
12320 1.46605 14.5243
12330 1.48534 14.5243
12340 1.49485 14.5242
12350 1.50716 14.5243
12360 1.52615 14.5245
12370 1.53019 14.5247
12380 1.5205 14.5249
12390 1.50741 14.525
12400 1.49414 14.5251
12410 1.50797 14.5253
12420 1.48534 14.5255
12430 1.46526 14.5255
12440 1.47203 14.5255
12450 1.48233 14.5255
12460 1.4849 14.5254
12470 1.50683 14.5253
12480 1.49181 14.5252
12490 1.48901 14.5251
12500 1.48598 14.5251
12510 1.50124 14.5252
12520 1.48481 14.5252
12530 1.48746 14.5252
12540 1.49027 14.5252
12550 1.47558 14.5253
12560 1.48812 14.5253
12570 1.52524 14.5252
12580 1.49833 14.5252
12590 1.50993 14.525
12600 1.5168 14.5248
12610 1.51968 14.5247
12620 1.54132 14.5247
12630 1.51952 14.5246
12640 1.51804 14.5246
12650 1.50851 14.5246
12660 1.49741 14.5247
12670 1.50936 14.5248
12680 1.53321 14.5248
12690 1.52106 14.5248
12700 1.52267 14.525
12710 1.49845 14.5251
12720 1.49437 14.5253
12730 1.50923 14.5255
12740 1.49518 14.5256
12750 1.52116 14.5256
12760 1.52239 14.5256
12770 1.52024 14.5257
12780 1.53376 14.5258
12790 1.50133 14.5259
12800 1.51608 14.5259
12810 1.49838 14.5258
12820 1.48649 14.5257
12830 1.51256 14.5256
12840 1.50841 14.5256
12850 1.50646 14.5254
12860 1.50767 14.5249
12870 1.50989 14.5247
12880 1.51953 14.5247
12890 1.52534 14.5247
12900 1.52998 14.5246
12910 1.50384 14.5243
12920 1.49338 14.5242
12930 1.48869 14.5242
12940 1.4946 14.5243
12950 1.48022 14.5241
12960 1.49897 14.5239
12970 1.51093 14.5239
12980 1.49582 14.5239
12990 1.50155 14.5237
13000 1.49215 14.5236
13010 1.5108 14.5235
13020 1.48856 14.5235
13030 1.50679 14.5236
13040 1.50428 14.5236
13050 1.51921 14.5237
13060 1.50577 14.5239
13070 1.51161 14.5242
13080 1.50135 14.5243
13090 1.52181 14.5244
13100 1.49643 14.5245
13110 1.5207 14.5245
13120 1.50213 14.5246
13130 1.53719 14.5248
13140 1.51159 14.5248
13150 1.50585 14.5247
13160 1.49935 14.5247
13170 1.52393 14.5244
13180 1.5185 14.5243
13190 1.515 14.5242
13200 1.5106 14.5241
13210 1.50472 14.5241
13220 1.47963 14.524
13230 1.49839 14.5242
13240 1.49324 14.5243
13250 1.51932 14.5244
13260 1.50283 14.5246
13270 1.49766 14.5244
13280 1.49415 14.5244
13290 1.51089 14.5247
13300 1.48555 14.525
13310 1.52692 14.5253
13320 1.5277 14.5255
13330 1.49686 14.5257
13340 1.49708 14.5258
13350 1.49617 14.526
13360 1.48158 14.5262
13370 1.47109 14.5263
13380 1.48371 14.5264
13390 1.51362 14.5264
13400 1.50562 14.5264
13410 1.48092 14.5266
13420 1.52395 14.5269
13430 1.51705 14.5272
13440 1.50077 14.5273
13450 1.52043 14.5274
13460 1.51508 14.5274
13470 1.47878 14.5275
13480 1.49766 14.5276
13490 1.48351 14.5277
13500 1.52053 14.5278
13510 1.51638 14.5276
13520 1.47561 14.5276
13530 1.47993 14.5275
13540 1.49441 14.5275
13550 1.47531 14.5276
13560 1.47373 14.5276
13570 1.4792 14.5277
13580 1.51278 14.5279
13590 1.52372 14.528
13600 1.5175 14.5277
13610 1.54524 14.5274
13620 1.55596 14.5274
13630 1.55273 14.5273
13640 1.52095 14.5272
13650 1.4932 14.5272
13660 1.53809 14.5273
13670 1.51309 14.5273
13680 1.51595 14.5273
13690 1.50435 14.5274
13700 1.51308 14.5274
13710 1.50524 14.5276
13720 1.49133 14.5276
13730 1.48458 14.5275
13740 1.48933 14.5274
13750 1.47902 14.5274
13760 1.47774 14.5274
13770 1.47987 14.5275
13780 1.48873 14.5275
13790 1.49126 14.5275
13800 1.51559 14.5276
13810 1.51246 14.5278
13820 1.47833 14.5279
13830 1.49071 14.5279
13840 1.51891 14.5276
13850 1.49612 14.5274
13860 1.51768 14.5274
13870 1.53592 14.5273
13880 1.50617 14.5273
13890 1.50015 14.5273
13900 1.47934 14.5273
13910 1.51442 14.5272
13920 1.48195 14.5272
13930 1.49232 14.5271
13940 1.5026 14.5271
13950 1.50706 14.5272
13960 1.5155 14.5271
13970 1.46895 14.5272
13980 1.48402 14.5273
13990 1.47734 14.5273
14000 1.48025 14.5272
14010 1.49549 14.5272
14020 1.52315 14.5271
14030 1.52984 14.5271
14040 1.53379 14.5272
14050 1.49456 14.5271
14060 1.46688 14.5271
14070 1.5059 14.5271
14080 1.51053 14.5269
14090 1.48914 14.5269
14100 1.51256 14.5267
14110 1.49709 14.5265
14120 1.51042 14.5265
14130 1.4845 14.5265
14140 1.50273 14.5263
14150 1.47157 14.5261
14160 1.49991 14.5261
14170 1.48969 14.5259
14180 1.50517 14.5258
14190 1.48449 14.5255
14200 1.48492 14.5251
14210 1.50548 14.5249
14220 1.50229 14.5248
14230 1.49677 14.5247
14240 1.51785 14.5246
14250 1.53605 14.5246
14260 1.51198 14.5245
14270 1.52638 14.5244
14280 1.50684 14.5246
14290 1.49184 14.5247
14300 1.49679 14.5247
14310 1.51799 14.5247
14320 1.50376 14.5248
14330 1.50829 14.525
14340 1.50068 14.5252
14350 1.49361 14.5254
14360 1.50187 14.5254
14370 1.49743 14.5251
14380 1.47787 14.5247
14390 1.49387 14.5247
14400 1.51467 14.5246
14410 1.49452 14.5246
14420 1.4926 14.5247
14430 1.4981 14.5249
14440 1.49374 14.5249
14450 1.51493 14.5249
14460 1.51029 14.5251
14470 1.50696 14.5252
14480 1.50143 14.5254
14490 1.51515 14.5257
14500 1.52182 14.5258
14510 1.5208 14.5261
14520 1.52619 14.5262
14530 1.51975 14.5262
14540 1.52418 14.5261
14550 1.49448 14.5262
14560 1.49678 14.5262
14570 1.48774 14.5261
14580 1.50622 14.5261
14590 1.48556 14.5261
14600 1.47596 14.5262
14610 1.49819 14.5262
14620 1.48146 14.5262
14630 1.5094 14.5262
14640 1.52661 14.5261
14650 1.49339 14.526
14660 1.46916 14.526
14670 1.50562 14.5259
14680 1.51828 14.5258
14690 1.49278 14.5257
14700 1.50627 14.5257
14710 1.50171 14.5257
14720 1.48846 14.5256
14730 1.49716 14.5257
14740 1.50583 14.5257
14750 1.48985 14.5257
14760 1.50098 14.5258
14770 1.51764 14.526
14780 1.5202 14.5261
14790 1.48398 14.5261
14800 1.47772 14.5262
14810 1.50506 14.526
14820 1.48482 14.5262
14830 1.47754 14.5263
14840 1.49302 14.5266
14850 1.5039 14.5268
14860 1.51531 14.5267
14870 1.50497 14.5268
14880 1.50373 14.527
14890 1.5015 14.527
14900 1.48446 14.527
14910 1.49948 14.5272
14920 1.49552 14.5271
14930 1.50911 14.527
14940 1.52226 14.5269
14950 1.52028 14.5267
14960 1.50785 14.5266
14970 1.51791 14.5264
14980 1.50626 14.526
14990 1.50261 14.5258
15000 1.4867 14.5256
15010 1.49488 14.5255
15020 1.46247 14.5254
15030 1.47421 14.5252
15040 1.47305 14.5251
